Accuracy: 0.5635179153094463

Classification Report:
{
  "N": {
    "precision": 0.5663716814159292,
    "recall": 0.42953020134228187,
    "f1-score": 0.48854961832061067,
    "support": 149.0
  },
  "Y": {
    "precision": 0.5618556701030928,
    "recall": 0.689873417721519,
    "f1-score": 0.6193181818181818,
    "support": 158.0
  },
  "accuracy": 0.5635179153094463,
  "macro avg": {
    "precision": 0.564113675759511,
    "recall": 0.5597018095319004,
    "f1-score": 0.5539339000693962,
    "support": 307.0
  },
  "weighted avg": {
    "precision": 0.5640474801539482,
    "recall": 0.5635179153094463,
    "f1-score": 0.5558507031174063,
    "support": 307.0
  }
}

Confusion Matrix:
[[64, 85], [49, 109]]

Top Features:
ph_damage_ratio_min_Team1: 0.011730163460774908
ph_win_rate_min_Team1: 0.011368778989704422
ph_win_rate_ratio_min_Team1: 0.011328681840762583
ph_avg_damage_per_match_min_Team1: 0.010904990761601447
ph_deaths_per_min_max_Team0: 0.009777540568149324
ph_assists_ratio_mean_Team0: 0.009726675398935262
h_total_win_rate_mean_Team0: 0.008757075855827483
ph_avg_match_length_min_Team0: 0.00849861710189162
ph_win_rate_ratio_max_Team1: 0.008455753873585957
ph_accuracy_max_Team0: 0.00838001872764353
ph_damage_ratio_std_Team1: 0.008302589437351683
ph_kills_per_min_max_Team0: 0.008269824029322182
ph_damage_ratio_std_Team0: 0.008223298853480627
ph_assists_ratio_std_Team0: 0.008125891989606754
ph_hero_xp_ratio_std_Team0: 0.008078467327008449
ph_kd_ratio_std_Team0: 0.008064977961293391
ph_accuracy_std_Team1: 0.008058298350537042
p_win_rate_std_Team0: 0.008011042484069919
h_total_kd_mean_Team1: 0.007934643666121479
ph_kd_ratio_min_Team1: 0.007870939994045511
ph_kills_per_min_min_Team0: 0.00786601104822208
ph_accuracy_min_Team0: 0.0078632443504898
ph_kills_per_min_std_Team0: 0.007862681225748793
ph_assists_ratio_max_Team0: 0.007848834515811125
ph_hero_xp_ratio_min_Team0: 0.007844292944714403
